219 11111
2750 22011121111
3626 22011111112
3661 22011111112
3470 22011111112
3670 22011111112
3519 22011111112
3658 22011121111
2912 22011121111
3615 22011121111
9987 22011121111
3630 22011121111
3726 22011121111
3734 22011121111
3606 22011121111
3808 22011121111
3815 22011121111
2869 22011121111
3283 22011121111
3529 22011121111
2864 22011121111
3227 22011121111
2498 2222000111111111111111111111111
9258 11111
4731 11111
9480 11111
9577 11111
4552 11111
3778 11111
9559 11111
4454 11111
4522 11111
4528 11111
4619 11111
3044 11111
2780 11111
3211 11111
4791 11111
3049 11111
3028 11111
2752 11111
2881 11111
2886 11111
2765 11111
4507 11111
2888 11111
3039 11111
3986 11111
2745 11111
2785 11111
2650 11111
2767 11111
2778 11111
2782 11111
2795 11111
2801 11111
2761 11111
2754 11111
2634 11111
2648 11111
2646 11111
3032 11111
2992 11111
2652 11111
2772 11111
2759 11111
2641 11111
2878 11111
2884 11111
2644 11111
2658 11111
2748 11111
2776 11111
2770 11111
2655 11111
2627 11111
2625 11111
2638 11111
2416 11111
44907 2222000111111121122000112200111220021122010
33741 2222000111111121122000112200111220021122010
44195 2222000111111111111111111111111
45304 11111
39760 22011121111
37511 22011121111
44460 11111
43452 11111
42330 11111
42521 11111
42514 11111
10656 22011111112
41683 11111
42665 11111
42594 11111
15917 22011111112
11860 22011111112
19145 22011111112
40008 11111
10463 2222000111111111111111111111111
21619 2222000111111111111111111111111
25842 2222000111111111111111111111111
21605 2222000111111111111111111111111
21603 2222000111111111111111111111111
37583 11111
37527 11111
37630 11111
37603 11111
21832 2222000111111111111111111111111
10317 2222000111111111111111111111111
21574 2222000111111111111111111111111
27670 11111
27032 11111
15253 2222000111111111111111111111111
10220 2222000111111111111111111111111
10544 2222000111111111111111111111111
10134 2222000111111111111111111111111
10486 2222000111111111111111111111111
23245 11111
22872 11111
20565 11111
20830 11111
20833 11111
21168 11111
20902 11111
20819 11111
20838 11111
20824 11111
20280 11111
20282 11111
20430 11111
12030 11111
15077 11111
15188 11111
11866 11111
10404 11111
10094 11111
10086 11111
15168 11111
11083 11111
10431 11111
11893 11111
11045 11111
11887 11111
10103 11111
54957 11111
50918 22011121111
53906 11111
50546 22011121111
51330 11111
51148 11111
48379 2222000111111111111111111111111
51356 11111
49361 2222000111111111111111111111111
48509 11111
49022 11111
55347 11111
55418 11111
55463 11111
55513 11111
55590 11111
55927 11111
55954 2222000111111111111111111111111
55975 2222000111111111111111111111111
55962 11111
56029 11111
56052 11111
56109 2222000111111111111111111111111
56752 11111
57108 2222000111111111111111111111111
57506 2222000111111111111111111111111
99828 11111
99580 11111
99527 2222000111111111111111111111111
99476 2222000111111111111111111111111
99459 2222000111111111111111111111111
99453 2222000111111111111111111111111
99449 2222000111111111111111111111111
99441 2222000111111111111111111111111
99429 2222000111111111111111111111111
99424 2222000111111111111111111111111
99414 2222000111111111111111111111111
99396 2222000111111111111111111111111
99380 11111
99374 2222000111111111111111111111111
99367 2222000111111111111111111111111
99355 2222000111111111111111111111111
99338 2222000111111111111111111111111
99333 2222000111111111111111111111111
99326 2222000111111111111111111111111
99318 2222000111111111111111111111111
99303 2222000111111111111111111111111
99294 2222000111111111111111111111111
99273 2222000111111111111111111111111
99266 2222000111111111111111111111111
99250 2222000111111111111111111111111
99244 2222000111111111111111111111111
99229 2222000111111111111111111111111
99216 2222000111111111111111111111111
99196 2222000111111111111111111111111
99183 2222000111111111111111111111111
99173 2222000111111111111111111111111
99155 2222000111111111111111111111111
99139 2222000111111111111111111111111
99124 2222000111111111111111111111111
99110 2222000111111111111111111111111
98951 2222000111111111111111111111111
98748 2222000111111111111111111111111
98592 2222000111111111111111111111111
98568 11111
98204 11111
98109 2222000111111111111111111111111
97715 2222000111111111111111111111111
97396 2222000111111111111111111111111
96848 2222000111111111111111111111111
96444 11111
96312 2222000111111111111111111111111
95214 2222000111111111111111111111111
93912 2222000111111111111111111111111
92406 2222000111111111111111111111111
92256 11111
77101 2222000111111111111111111111111
71159 2222000111111111111111111111111
69494 11111
68978 2222000111111111111111111111111
68602 11111
68433 11111
68348 11111
68267 11111
68100 2222000111111121122000112200111220021122010
68087 11111
68081 2222000111111111111111111111111
68069 2222000111111111111111111111111
68024 2222000111111111111111111111111
67710 2222000111111111111111111111111
67225 2222000111111111111111111111111
67187 2222000111111111111111111111111
66678 2222000111111111111111111111111
66390 2222000111111111111111111111111
66332 2222000111111111111111111111111
66269 2222000111111111111111111111111
66200 2222000111111111111111111111111
66134 2222000111111111111111111111111
65944 11111
65889 11111
65857 2222000111111111111111111111111
65816 11111
65789 2222000111111111111111111111111
65748 2222000111111111111111111111111
65741 2222000111111111111111111111111
65719 2222000111111111111111111111111
65717 11111
65693 2222000111111111111111111111111
65685 2222000111111111111111111111111
65662 2222000111111111111111111111111
65630 2222000111111111111111111111111
65611 2222000111111111111111111111111
65607 2222000111111111111111111111111
65598 11111
65585 2222000111111111111111111111111
65551 2222000111111111111111111111111
65534 2222000111111111111111111111111
65510 2222000111111111111111111111111
65496 2222000111111111111111111111111
65467 2222000111111111111111111111111
65409 2222000111111111111111111111111
65361 2222000111111111111111111111111
65340 2222000111111111111111111111111
65107 2222000111111111111111111111111
65088 2222000111111111111111111111111
65043 2222000111111111111111111111111
65027 2222000111111111111111111111111
64979 2222000111111111111111111111111
64967 2222000111111111111111111111111
64936 2222000111111111111111111111111
64920 2222000111111111111111111111111
64897 2222000111111111111111111111111
64895 11111
64881 2222000111111111111111111111111
64866 2222000111111111111111111111111
64797 2222000111111111111111111111111
64751 2222000111111111111111111111111
64747 2222000111111111111111111111111
64739 2222000111111111111111111111111
64701 2222000111111111111111111111111
64698 2222000111111111111111111111111
64575 2222000111111111111111111111111
64534 2222000111111111111111111111111
64513 2222000111111111111111111111111
64508 2222000111111111111111111111111
64457 2222000111111111111111111111111
64416 2222000111111111111111111111111
64347 2222000111111111111111111111111
64304 2222000111111111111111111111111
64184 2222000111111111111111111111111
64155 2222000111111111111111111111111
64123 2222000111111111111111111111111
64056 2222000111111111111111111111111
63988 2222000111111111111111111111111
63959 2222000111111111111111111111111
63867 2222000111111111111111111111111
63775 2222000111111111111111111111111
63755 2222000111111111111111111111111
63751 2222000111111111111111111111111
63735 2222000111111111111111111111111
63719 2222000111111111111111111111111
63531 2222000111111111111111111111111
63519 11111
63470 2222000111111111111111111111111
63459 2222000111111111111111111111111
63427 2222000111111111111111111111111
63397 2222000111111111111111111111111
63372 2222000111111111111111111111111
63352 2222000111111111111111111111111
63290 2222000111111111111111111111111
63286 2222000111111111111111111111111
63219 2222000111111111111111111111111
63168 2222000111111111111111111111111
63150 2222000111111111111111111111111
63131 2222000111111111111111111111111
63100 2222000111111111111111111111111
63016 2222000111111111111111111111111
62957 2222000111111111111111111111111
62901 2222000111111111111111111111111
62757 2222000111111111111111111111111
62660 2222000111111111111111111111111
62588 2222000111111111111111111111111
62091 11111
62042 2222000111111111111111111111111
61638 11111
60689 11111
60629 11111
60577 11111
60556 11111
60536 11111
60515 11111
60492 11111
60439 11111
60420 11111
60386 11111
60353 11111
60346 11111
60342 11111
60328 11111
60284 11111
60249 11111
59959 11111
59909 11111
59825 11111
59811 11111
59623 11111
59310 11111
59081 11111
58993 11111
58805 11111
58723 22011121111
58499 2222000111111111111111111111111
58372 11111
58298 11111
58265 11111
58149 11111
57871 2222000111111111111111111111111
124338 11111
124298 11111
124276 11111
123703 2222000111111111111111111111111
123576 2222000111111111111111111111111
123346 2222000111111111111111111111111
122317 11111
122274 11111
122195 11111
122174 11111
122155 11111
122120 11111
122096 11111
122065 2222000111111121122000112200111220021122010
122020 11111
122003 11111
121996 11111
121977 11111
121963 11111
121898 11111
121883 11111
121857 11111
121844 11111
121824 11111
121806 11111
121789 11111
121768 11111
121741 11111
121699 11111
121686 11111
121631 11111
121606 11111
121583 11111
121559 11111
121537 11111
121515 11111
121496 11111
121474 11111
121445 11111
121419 11111
121397 11111
121379 11111
121373 2222000111111111111111111111111
121356 11111
121263 11111
121217 11111
121181 11111
120653 11111
120621 2222000111111111111111111111111
120260 2222000111111111111111111111111
120228 11111
120106 11111
119927 2222000111111111111111111111111
119861 11111
119736 11111
119719 11111
119119 2222000111111111111111111111111
119069 2222000111111111111111111111111
119015 11111
118915 2222000111111111111111111111111
118823 2222000111111111111111111111111
117873 11111
117095 11111
116695 11111
116533 11111
116468 11111
116313 11111
116271 11111
115867 11111
115757 11111
115513 11111
115380 11111
115226 11111
115156 11111
115046 11111
114957 11111
114916 11111
114859 2222000111111111111111111111111
114847 11111
114738 11111
114679 2222000111111111111111111111111
114642 11111
114510 2222000111111111111111111111111
114482 2222000111111111111111111111111
114410 2222000111111111111111111111111
114402 11111
114253 2222000111111111111111111111111
114220 11111
114207 2222000111111111111111111111111
114184 2222000111111111111111111111111
114081 2222000111111111111111111111111
114035 11111
114031 2222000111111111111111111111111
113839 2222000111111111111111111111111
113748 2222000111111111111111111111111
113728 11111
113673 2222000111111111111111111111111
113575 2222000111111111111111111111111
113520 2222000111111111111111111111111
113512 2222000111111111111111111111111
113295 2222000111111111111111111111111
113146 2222000111111111111111111111111
112645 2222000111111111111111111111111
112388 11111
109188 11111
109113 11111
109010 11111
108888 11111
108795 11111
108668 11111
108548 11111
108224 11111
108183 11111
108147 11111
108109 11111
108082 11111
107505 11111
107481 11111
107382 11111
107293 11111
107230 11111
107144 11111
106999 11111
106313 2222000111111111111111111111111
106295 22011121111
106276 2222000111111111111111111111111
106260 22011111112
106256 2222000111111111111111111111111
106246 2222000111111111111111111111111
106241 2222000111111111111111111111111
106238 22011111112
106215 2222000111111111111111111111111
106185 11111
106167 2222000111111111111111111111111
106155 11111
106112 2222000111111111111111111111111
106105 22011121111
106093 2222000111111111111111111111111
106089 22011121111
106077 2222000111111111111111111111111
106067 22011111112
106037 2222000111111111111111111111111
106034 2222000111111111111111111111111
106013 2222000111111111111111111111111
105991 2222000111111111111111111111111
105974 2222000111111111111111111111111
105966 2222000111111111111111111111111
105958 22011111112
105956 2222000111111111111111111111111
105906 2222000111111111111111111111111
105864 2222000111111111111111111111111
105856 22011111112
105833 22011121111
105773 2222000111111111111111111111111
105754 2222000111111111111111111111111
105744 2222000111111111111111111111111
105716 2222000111111111111111111111111
105700 11111
105695 2222000111111111111111111111111
105684 2222000111111111111111111111111
105661 11111
105644 2222000111111111111111111111111
105637 2222000111111111111111111111111
105632 2222000111111111111111111111111
105622 2222000111111111111111111111111
105614 2222000111111111111111111111111
105604 2222000111111111111111111111111
105598 2222000111111111111111111111111
105583 2222000111111111111111111111111
105553 2222000111111111111111111111111
105543 11111
105525 2222000111111111111111111111111
105518 2222000111111111111111111111111
105502 2222000111111111111111111111111
105497 11111
105495 2222000111111111111111111111111
105476 2222000111111111111111111111111
105471 22011111112
105458 11111
105380 2222000111111111111111111111111
105369 2222000111111111111111111111111
105353 22011121111
105340 2222000111111111111111111111111
105331 2222000111111111111111111111111
105316 2222000111111111111111111111111
105303 2222000111111111111111111111111
105261 2222000111111111111111111111111
105239 22011111112
105218 2222000111111111111111111111111
105213 22011111112
105204 2222000111111111111111111111111
105179 11111
105169 2222000111111111111111111111111
105144 2222000111111111111111111111111
105125 22011121111
105112 11111
105041 11111
104999 11111
104853 11111
104802 11111
104740 11111
104511 11111
104400 11111
104294 11111
104062 11111
103654 11111
103312 11111
103041 11111
102844 11111
100936 11111
100540 11111
128504 2222000111111111111111111111111
130028 2222000111111111111111111111111
131488 2222000111111111111111111111111
131646 2222000111111111111111111111111
132367 11111
41447 2222000112201011220021122001112200011121111
40868 2222000112201011220021122001112200011121111
20193 2222000112201011220021122001112200011121111
20104 2222000112201011220021122001112200011121111
49948 2222000112201011220021122001112200011121111
72717 2222000112201011220021122001112200011121111
71663 2222000112201011220021122001112200011121111
68774 2222000112201011220021122001112200011121111
68480 2222000112201011220021122001112200011121111
68316 2222000112201011220021122001112200011121111
67126 2222000112201011220021122001112200011121111
64249 2222000112201011220021122001112200011121111
63211 2222000112201011220021122001112200011121111
122185 2222000112201011220021122001112200011121111
122009 2222000112201011220021122001112200011121111
114048 2222000112201011220021122001112200011121111
114004 2222000112201011220021122001112200011121111
106682 2222000112201011220021122001112200011121111
136473 11111
134701 11111
134627 11111
134585 11111
134520 11111
134418 11111
134321 11111
134278 11111
134217 11111
134165 11111
134163 11111
134107 11111
134017 11111
133957 11111
133929 11111
133764 11111
138524 2222000112201011220021122001112200011121111
139247 2222000111111111111111111111111
139263 2222000111111111111111111111111
139275 2222000111111111111111111111111
139288 2222000111111111111111111111111
139316 2222000111111111111111111111111
139327 2222000111111111111111111111111
139422 2222000112201011220021122001112200011121111
139357 2222000112201011220021122001112200011121111
139485 2222000111111121122000112200111220021122010
139732 11111
140524 2222000111111121122000112200111220021122010
140387 2222000111111111111111111111111
140582 2222000112201011220021122001112200011121111
165119 11111
164884 11111
164493 11111
164470 11111
162775 22011111112
162529 22011121111
160510 11111
160417 11111
160317 11111
160100 11111
159896 11111
159586 11111
159409 11111
158941 2222000111111111111111111111111
158938 2222000111111111111111111111111
158914 2222000111111111111111111111111
158903 2222000111111111111111111111111
158894 2222000111111111111111111111111
158877 2222000111111111111111111111111
158873 2222000111111111111111111111111
158846 2222000111111111111111111111111
158837 2222000111111111111111111111111
158834 2222000111111111111111111111111
158823 2222000111111111111111111111111
158820 2222000111111111111111111111111
158818 2222000111111111111111111111111
158805 2222000111111111111111111111111
158799 2222000111111111111111111111111
158783 2222000111111111111111111111111
158779 2222000111111111111111111111111
158764 2222000111111111111111111111111
158751 2222000111111111111111111111111
158714 2222000111111111111111111111111
158684 2222000111111111111111111111111
158669 2222000111111111111111111111111
158641 2222000111111111111111111111111
158612 2222000111111111111111111111111
158607 2222000111111111111111111111111
158588 2222000111111111111111111111111
158583 2222000111111111111111111111111
158560 2222000111111111111111111111111
158527 2222000111111111111111111111111
158518 2222000111111111111111111111111
158509 2222000111111111111111111111111
158480 2222000111111111111111111111111
158450 2222000111111111111111111111111
158421 11111
158405 2222000111111111111111111111111
158373 2222000111111111111111111111111
158328 2222000111111111111111111111111
158274 2222000111111111111111111111111
158210 2222000111111111111111111111111
158113 2222000111111111111111111111111
158073 2222000111111111111111111111111
158061 2222000111111111111111111111111
157917 2222000111111111111111111111111
165404 11111
165348 11111
165502 11111
157510 2222000111111111111111111111111
157371 2222000111111111111111111111111
157204 2222000111111111111111111111111
157174 2222000111111111111111111111111
157054 2222000111111111111111111111111
156945 2222000111111111111111111111111
156732 2222000111111111111111111111111
156653 2222000111111111111111111111111
156574 2222000111111111111111111111111
156378 2222000111111111111111111111111
156195 2222000111111111111111111111111
156162 2222000111111111111111111111111
156100 2222000111111111111111111111111
156018 2222000111111111111111111111111
155937 2222000111111111111111111111111
155797 2222000111111111111111111111111
155551 2222000111111111111111111111111
155474 2222000111111111111111111111111
155444 2222000111111111111111111111111
155421 2222000111111111111111111111111
155075 2222000111111111111111111111111
154910 2222000111111111111111111111111
154852 2222000111111111111111111111111
154833 2222000111111111111111111111111
154776 2222000111111111111111111111111
154713 2222000111111111111111111111111
154167 2222000111111111111111111111111
153766 2222000111111111111111111111111
153699 2222000111111111111111111111111
152537 2222000111111111111111111111111
152523 2222000111111111111111111111111
152513 2222000111111111111111111111111
152502 2222000111111111111111111111111
152495 2222000111111111111111111111111
152486 2222000111111111111111111111111
152475 2222000111111111111111111111111
152464 2222000111111111111111111111111
152459 2222000111111111111111111111111
152442 2222000111111111111111111111111
152251 11111
152151 11111
151988 11111
151869 11111
151755 11111
151640 11111
151394 11111
151123 11111
150751 11111
150521 11111
150000 11111
149261 11111
165706 11111
165610 11111
165802 11111
165820 2222000111111111111111111111111
170451 2222000111111111111111111111111
170703 2222000111111111111111111111111
170467 2222000111111111111111111111111
171549 2222000111111111111111111111111
105943 22011101111
105521 22011101111
172915 22011121111
172909 22011121111
172896 22011121111
172891 22011121111
172933 22011121111
172926 22011121111
172918 22011121111
172939 22011121111
172937 22011121111
172945 22011121111
172943 22011121111
172949 22011121111
172955 22011121111
173047 2222000112201011220021122001112200011121111
173498 22011121111
173423 22011121111
173338 22011121111
173620 22011121111
173777 22011121111
173860 22011121111
173940 22011121111
174016 22011121111
173952 2222000111111111111111111111111
174103 22011121111
174213 22011121111
174313 22011121111
174512 22011121111
174632 22011121111
174742 22011121111
174817 22011121111
174899 22011121111
175053 22011121111
175175 22011121111
175297 22011121111
175414 22011121111
175770 22011121111
178295 22011121111
180913 22011121111
180899 22011121111
180892 22011121111
180358 22011121111
180351 22011121111
180343 22011121111
180338 22011121111
180333 22011121111
180330 22011121111
180919 22011121111
180926 22011121111
180934 22011121111
180941 22011121111
180968 22011121111
180958 22011121111
180953 22011121111
182599 22011121111
182584 22011121111
182578 22011121111
182569 22011121111
182530 22011121111
181016 22011121111
181003 22011121111
180982 22011121111
182677 22011121111
182665 22011121111
182647 22011121111
182630 22011121111
182622 22011121111
182614 22011121111
182607 22011121111
182701 22011121111
182689 22011121111
182712 22011121111
182724 22011121111
182748 22011121111
182736 22011121111
182763 22011121111
182772 22011121111
182785 22011121111
100020 2222000111111101110111011111110
105155 22011111110
105297 22011111110
105559 22011111110
105814 22011111110
106054 22011111110
106288 22011111110
110281 2222000111111111110111011101110
110793 221022022011112201211220220101122000220220111022000
11156 220220220100220100220220101022000
111940 2222000111111111110111011111111
112824 2222000111111111110111011111110
113336 2222000111011111110111011111110
113431 2222000111111101110111011101111
114103 2222000111011111111111011111110
114539 2222000111211101110111111101110
114893 2222000111011101111111011101110
116906 221022022011112201211220220101122000220220111022000
117098 221022022011112201211220220101122000220220111022000
118077 2222000111011121110111011111110
11964 2210111111101122221111111120101012212211120020121210021010200020210221121102200202101210101222120220220010
119771 2222000111011101111111011101110
122112 2222000111111101110111011101110
125372 221022022011112201211220220101122000220220111022000
125442 221022022011112201211220220101122000220220111022000
125643 221022022011112201211220220101122000220220111022000
125887 221022022011112201211220220101122000220220111022000
125931 221022022011112201211220220101122000220220111022000
125970 221022022011112201211220220101122000220220111022000
126899 221022022011112201211220220101122000220220111022000
127083 221022022011112201211220220101122000220220111022000
127106 221022022011112201211220220101122000220220111022000
127480 221022022011112201211220220101122000220220111022000
127607 221022022011112201211220220101122000220220111022000
128020 221022022011112201211220220101122000220220111022000
132098 22011111110
135737 2222000111211101110111011111110
136249 2222000111011121111111011101110
136528 2222000111011101111111011101111
137131 2222000111111101110111011101110
137153 2222000111211111111111011101112
138316 2222000111111121110111011101110
138511 2222000111011101110111011111110
139395 2222000111011111110111011101110
139460 2222000111011101110111111101110
139527 2222000111111101110111011101110
139551 2222000111111101110111011101110
140644 2222000111011111110111011101110
140676 2222000111011101111111011101110
141909 22111111111011101110
142079 22111111111011101110
142110 22111111111011101110
142129 22111111111011101110
142352 22111111111011101110
148999 221022022011112201211220220101122000220220111022000
149162 221022022011112201211220220101122000220220111022000
149258 221022022011112201211220220101122000220220111022000
149317 221022022011112201211220220101122000220220111022000
15164 221022022010102200022022010022010022022010022000
159373 2212220220100220100220220101022000220220100220002202201002200022022010022000
160784 2222000111011101111111011101110
1726 2210111111101111
1728 221022022010102200022022010022000220220100220100
19153 22102202201010220100220220100220100220220101022000
19991 2210220220101022010022022010022010022022010022000
20841 2222000111011101110111011121111
2386 220112212000211111
25190 221211121112111211101111
25677 2222000111011101110111111101110
2591 221022022010022011022022011102200022022010022000
26120 2222000111111101110111011101110
26125 2202202201111220011220220110220100
26134 2222000111011111110111011101110
26143 2222000111011101111111011101110
26189 2222000111011101110111011111110
26311 2222000111011101110111011101111
2711 22102202201012220120220220110220010220220100220100
2721 22111122012112201211121122001
2726 22022102210221002200221000221120022210000221022102200222111022022100221102020221012221110210
2728 221011221010111220111122000
2731 221022022010112201102202201010220120220220100220100
2735 22111122111112112201211121122001
2774 2202202201010220100220220101022000
2875 220220220110220120220220101222000
30852 2222000111011121112111111101110
3270 22022022010022010102202201112220110
32839 222200022022011102201002202201002200022022010022000220220100220002202201002200022022010022000
32874 2222000111111101111111011111110
32970 2222000111211111110111211111110
33030 2222000111111101110111111111111
33434 2222000111111101110111211111111
33704 2222000111011101111111211101110
33814 2222000111111101111111011101110
34232 2222000111211101110111111111110
34260 2222000111011111111111211111112
34285 2222000111211101111111111111111
34383 2222000111111111111111011101112
3460 22022022012112201002202201010220100
3465 2202202201010220100220220101022000
35762 2222000111211111110111011101111
35797 2222000111111101112111011111110
35835 221122022010102201002202201002201002202201002200022022010022000
35939 2222000111011101111111011101110
35966 2222000111011111111111111101110
3610 220220220101022010122202201010220100
36416 2222000111011111111111011111111
36425 2222000111011111110111111111112
36448 2222000111011111110111011111110
3666 22022022012102200112202201010220100
36859 2222000111111101110111011101111
36891 2222000111111111110111211111111
3715 220220220101122011112202201010220100
37170 2222000111111101110111011111110
3720 22022022010112201102202201010220100
37216 2222000111011101110111011101111
37225 2222000111011101110111111101110
37260 2222000111211101110111111101110
37407 2222000111211101111111011101110
3811 22022022010112200102202201210220100
3820 22022022011122201010220220111022000
38844 2222000111111101110111011101110
39028 2222000111111101110111111101110
3925 2222000111111121110111011101111
3932 2222000111011121112111111111112
3941 2222000111111121110111111121111
39577 2222000111011111110111211101110
3975 2222000111211111111111111121110
39788 22112202201010220002202201002201002202201002200022022010022000
4007 2222000111211111110111011101110
41692 22122202201010220010220220100220100220220100220002202201002200022022010022000
4196 2222000111211111110111111101112
4202 2222000111211121111111011101111
43309 2202210221010100221000102210100022102210100022100002210000
44011 221022022010102200022022010022010022022010022000
45672 22022102210100022100002210220122211012002210221022112010221012122110102221022100202211011002210022100000
45677 22022102210102211012002210000221002210111022102210221002222100022211121222102211122202211122222100022110002
46972 221122022010102200022022010022000220220101022010022022010022000
50485 221022022010102200022022010022010022022010022000
5157 2222000111211101112111211111110
51661 2222000111111111111111011101111
5231 2222000111211111110111111111110
52765 2222000111111101110111211121110
53379 221022022012122201102202201110220100220220100220100
54541 22011111110
55374 221022022010102200102202201102201210220220101022000
57075 2222000111111101112111111111111
57582 220220220101022010022022010022000
59036 221211101111111011101110
59337 2222000111011111110111011101110
59708 2222000111011101110111111101110
61317 221022022010102201002202201002200022022010022000
64198 22011111110
66825 2210220220101022010022022011102200022022010022000
69628 22011111110
69869 22111110111011101111
71891 22111112111011111112
74619 22111110111011111112
75627 22111111111211101111
76146 22111111111211111111
76527 22111110111111101111
86694 2222000111111111110111111101112
86827 2222000111011111110111011101110
87024 2222000111111111111111111121110
87078 2222000111111111112111111101111
87155 2222000111011101111111011101111
88234 22111112111011101111
88258 22111110111211111110
88267 22111110111111121110
91187 2210111111101112
93615 22111110111211111110
96842 2222000111011121110111011111110
97391 2222000111011101110111111101110
97875 2210111111101112
98089 2222000111111101110111111101110
98122 2222000111111111111111111101110
98337 2222000111211101111111211111111
98556 2222000111011101111111211101110
99907 2222000111111101110111011101110
62021 22022102210220202210020022102201022110001022100002210221011022111101221000220002210221111001022111002
51023 unknown
51375 unknown
52926 unknown
55796 unknown
58015 unknown
59899 unknown
65038 unknown
65061 unknown
65887 unknown
66319 unknown
66368 unknown
66737 unknown
66745 unknown
66814 unknown
68047 unknown
68285 unknown
86632 unknown
88195 unknown
88249 unknown
91259 unknown
95043 unknown
95752 unknown
96669 unknown
96720 unknown
97897 unknown
140733 unknown
140813 unknown
140839 unknown
140988 unknown
142116 unknown
142196 unknown
142262 unknown
142312 unknown
142336 unknown
142480 unknown
142596 unknown
142650 unknown
143744 unknown
143801 unknown
143850 unknown
143866 unknown
143908 unknown
143935 unknown
143952 unknown
143995 unknown
144031 unknown
144062 unknown
147119 unknown
148653 unknown
148713 unknown
148856 unknown
148884 unknown
148920 unknown
148947 unknown
148980 unknown
149023 unknown
149047 unknown
149206 unknown
150605 unknown
151323 unknown
157934 unknown
158092 unknown
158934 unknown
165493 unknown
166226 unknown
168466 unknown
170855 unknown
170877 unknown
172148 unknown
172159 unknown
172728 unknown
172835 unknown
184524 22011121111
185034 22011121111
185062 22011101111
185215 22011121111
185298 2222000111111111111111111111111
186193 22011121111
186949 2222000111111111111111111111111
188379 22011121111
188941 2222000112201011220021122001112200011121111
190936 2222000111111111111111111111111
191220 2222000111111111111111111111111
191403 2222000111111111111111111111111
191303 2222000111111111111111111111111
191613 2222000111111111111111111111111
191501 2222000111111111111111111111111
191750 2222000111111111111111111111111
191660 2222000111111111111111111111111
191883 2222000111111111111111111111111
191805 2222000111111111111111111111111
192009 2222000111111111111111111111111
191963 2222000111111111111111111111111
192090 2222000111111111111111111111111
192160 2222000111111111111111111111111
192279 2222000111111111111111111111111
192229 2222000111111111111111111111111
192331 2222000111111111111111111111111
192388 2222000111111111111111111111111
192503 2222000111111111111111111111111
192708 2222000111111111111111111111111
192903 2222000111111111111111111111111
192772 2222000111111111111111111111111
193651 2222000111111111111111111111111
193870 2222000111111111111111111111111
193759 2222000111111111111111111111111
194246 2222000111111111111111111111111
194364 2222000111111111111111111111111
194436 2222000111111111111111111111111
194514 2222000111111111111111111111111
194571 2222000111111111111111111111111
194878 2222000111111111111111111111111
194639 2222000111111111111111111111111
194923 2222000111111111111111111111111
195097 2222000111111111111111111111111
195275 2222000111111111111111111111111
195225 2222000111111111111111111111111
195153 2222000111111111111111111111111
195353 2222000111111111111111111111111
195589 2222000111111111111111111111111
195497 2222000111111111111111111111111
195427 2222000111111111111111111111111
195871 2222000111111111111111111111111
195754 2222000111111111111111111111111
195934 2222000111111111111111111111111
196119 2222000111111111111111111111111
196087 2222000111111111111111111111111
196029 2222000111111111111111111111111
195987 2222000111111111111111111111111
196187 2222000111111111111111111111111
196275 2222000111111111111111111111111
196248 2222000111111111111111111111111
196359 2222000111111111111111111111111
196305 2222000111111111111111111111111
196477 2222000111111111111111111111111
196392 2222000111111111111111111111111
196536 2222000111111111111111111111111
196681 2222000111111111111111111111111
196600 2222000111111111111111111111111
196821 2222000111111111111111111111111
196750 2222000111111111111111111111111
196868 2222000111111111111111111111111
196915 2222000111111111111111111111111
196953 2222000111111111111111111111111
197011 2222000111111111111111111111111
197078 2222000111111111111111111111111
197121 2222000111111111111111111111111
197180 2222000111111111111111111111111
197258 2222000111111111111111111111111
197328 2222000111111111111111111111111
198613 22011121111
199814 22011121111
199986 22011121111
200272 22011121111
201148 22011121111
202628 2222000112201011220021122001112200011121111
202911 2222000112201011220021122001112200011121111
203077 2222000112201011220021122001112200011121111
203335 2222000112201011220021122001112200011121111
203212 2222000112201011220021122001112200011121111
204238 22011121111
205069 22011121111
206559 22011121111
206309 22011121111
206829 22011121111
206684 22011121111
206933 22011121111
206947 22011121111
207129 22011121111
207393 22011121111
207282 22011121111
207199 22011121111
208461 22011121111
208339 22011121111
208239 22011121111
208168 22011121111
208106 22011121111
208029 22011121111
208610 22011121111
208835 22011121111
208729 22011121111
209409 22011121111
209621 22011121111
210231 22011121111
209975 2222000111111111111111111111111
211213 22011121111
210779 22011121111
211899 22011121111
211859 22011121111
211769 22011121111
212003 22011121111
211999 22011101111
211964 22011121111
212041 22011121111
212149 22011121111
212100 22011121111
212053 22011121111
212337 22011121111
212233 22011121111
212359 22011101111
212589 22011121111
212528 22011121111
212487 22011121111
212433 22011121111
212766 22011121111
212704 22011121111
212656 22011121111
212882 22011121111
213049 22011121111
212972 22011121111
213236 22011121111
213168 22011121111
213127 22011101111
213366 22011121111
213286 22011121111
213549 22011121111
213474 22011121111
213671 22011121111
213834 22011121111
213773 22011121111
213898 2222000111111111111111111111111
213940 22011121111
214549 22011121111
214477 22011121111
214744 22011121111
214677 22011121111
214589 22011121111
214891 22011121111
214846 22011121111
214927 22011121111
215100 22011121111
215017 22011121111
215125 2222000111111111111111111111111
215167 22011121111
215267 22011121111
215360 22011121111
215513 22011121111
215439 22011121111
215548 22011121111
215603 22011121111
216131 2222000112201011220021122001112200011121111
217467 22011121111
217870 22011121111
218801 2222000112201011220021122001112200011121111
219143 22011121111
219423 22011121111
219378 22011121111
226615 22011121111
226565 22011121111
226555 22011121111
226482 22011121111
226401 22011121111
226247 22011121111
225936 22011121111
225898 22011121111
225767 2222000111111111111111111111111
225708 22011121111
225702 22011121111
225608 22011121111
225584 2222000111111111111111111111111
225572 22011121111
225564 22011121111
225483 22011121111
225463 22011121111
225402 22011121111
225322 22011121111
225191 22011121111
225092 22011121111
224969 22011121111
224893 22011121111
224757 22011121111
224735 22011121111
224593 22011121111
224395 22011121111
224201 22011121111
224097 22011121111
223930 22011121111
223871 22011121111
223800 22011121111
223790 22011121111
223782 22011121111
223776 22011121111
223751 22011121111
223730 22011121111
223720 22011121111
223690 22011121111
223680 22011121111
223672 22011121111
223660 22011121111
223613 22011121111
223609 22011121111
223604 22011121111
223583 22011121111
223569 22011121111
223523 22011121111
223511 22011121111
223507 22011121111
223424 22011121111
223416 22011121111
223410 22011121111
223407 22011121111
223354 22011121111
223343 22011121111
223336 22011121111
223322 22011121111
223313 22011121111
223297 22011121111
223282 22011121111
223273 22011121111
223262 22011121111
223251 22011121111
223239 22011121111
223229 22011121111
223221 22011121111
223210 22011121111
223204 22011121111
223196 22011121111
223183 22011121111
223169 22011121111
223160 22011121111
223146 22011121111
223135 22011121111
223125 22011121111
223119 22011121111
223113 22011121111
223104 22011121111
223094 22011121111
223087 22011121111
223078 22011121111
223065 22011121111
223056 22011121111
223047 22011121111
223038 22011121111
223027 22011121111
223020 22011121111
223013 22011121111
223002 22011121111
222990 22011121111
222974 22011121111
222972 22011121111
222961 22011121111
222955 22011121111
222932 22011121111
222925 22011121111
222914 22011121111
222910 22011121111
222881 22011121111
222594 22011121111
222242 22011121111
222137 22011121111
222070 22011121111
221874 22011121111
221808 22011121111
221744 22011121111
221681 22011121111
221230 22011121111
221143 22011121111
221094 22011121111
220923 22011121111
220857 22011121111
220409 22011121111
220322 22011121111
219524 2222000112201011220021122001112200011121111
226985 22011121111
226942 22011121111
226935 22011121111
226867 22011121111
226821 22011121111
226787 22011121111
226687 22011121111
226636 22011121111
227076 2222000111111111111111111111111
227260 22011121111
227112 22011121111
227341 22011121111
227496 22011121111
227431 22011121111
227361 22011121111
227508 22011121111
227540 22011121111
228522 22011121111
228710 22011121111
228874 22011121111
228781 22011121111
229035 22011121111
229236 2222000111111121122000112200111220021122010
229109 22011121111
230246 22011121111
229855 22011121111
230640 22011121111
230439 22011121111
230412 22011121111
230788 22011121111
231006 22011121111
230912 22011121111
231088 22011121111
231223 22011121111
231339 22011121111
231403 22011121111
231585 22011121111
231666 22011121111
231849 22011121111
232232 22011101111
232184 22011121111
231965 22011121111
232338 22011121111
232540 22011121111
232509 22011121111
232760 22011121111
232902 22011121111
233297 22011121111
233155 22011121111
233040 22011121111
233647 22011121111
233372 22011121111
233811 22011121111
233894 22011121111
234023 22011121111
234015 22011121111
234483 22011121111
234471 22011101111
234463 22011121111
234371 22011121111
234155 22011121111
234612 22011121111
234574 22011121111
234500 22011121111
234883 22011121111
234870 22011121111
234848 22011121111
234696 22011121111
234664 22011121111
235105 22011121111
235085 22011121111
235062 22011121111
234988 22011121111
234910 22011121111
235440 22011121111
235330 22011121111
235313 22011121111
235163 22011121111
235141 22011121111
235122 22011121111
235116 22011121111
235737 22011121111
235719 22011121111
235704 22011121111
235680 22011121111
235664 22011121111
235514 22011121111
235496 22011121111
235484 22011121111
235468 22011121111
235856 22011121111
235833 22011121111
235815 22011121111
235773 22011121111
235997 22011121111
236198 22011121111
236172 22011121111
236031 22011121111
236014 22011121111
236658 22011121111
236575 22011121111
236550 22011121111
236529 22011121111
236381 22011121111
236367 22011121111
236221 22011121111
236942 22011121111
236920 22011121111
236885 22011121111
236861 22011121111
236840 22011121111
236818 22011121111
236800 22011121111
236954 2222000112201011220021122001112200011121111
237210 22011121111
237181 22011121111
237151 22011121111
237130 22011121111
237100 22011121111
237083 22011121111
237068 22011121111
237553 22011121111
237535 22011121111
237462 2222000111111111111111111111111
237377 22011121111
237740 22011121111
237611 2222000111111111111111111111111
237879 22011121111
238048 2222000111111111111111111111111
238030 22011121111
237975 22011121111
237925 22011121111
238055 22011121111
238246 22011121111
238193 2222000111111111111111111111111
238290 2222000111111111111111111111111
238282 22011121111
238434 22011121111
238414 22011121111
240538 2222000112201011220021122001112200011121111
240420 2222000112201011220021122001112200011121111
241103 2222000111111111111111111111111
241501 2222000111111111111111111111111
241392 2222000111111111111111111111111
241264 2222000111111111111111111111111
241870 2222000111111111111111111111111
242244 22011121111
242729 2222000111111111111111111111111
242549 2222000111111121122000112200111220021122010
242994 2222000111111111111111111111111
242972 2222000111111111111111111111111
242940 2222000111111111111111111111111
243013 2222000111111111111111111111111
243065 2222000111111111111111111111111
243040 2222000111111111111111111111111
243234 2222000111111111111111111111111
243202 2222000111111111111111111111111
243360 2222000111111111111111111111111
243284 2222000111111111111111111111111
243693 2222000111111111111111111111111
243992 2222000111111111111111111111111
243780 2222000111111111111111111111111
244084 2222000111111111111111111111111
244285 2222000111111111111111111111111
244245 22011101111
244201 2222000111111111111111111111111
244289 2222000111111111111111111111111
244422 2222000111111121122000112200111220021122010
244531 2222000111111111111111111111111
245073 2222000111111111111111111111111
246628 2222000111111121122000112200111220021122010
246130 2222000112201011220021122001112200011121111
245545 22011121111
245427 2222000111111111111111111111111
245415 2222000111111111111111111111111
246700 2222000112201011220021122001112200011121111
246665 2222000111111121122000112200111220021122010
246733 2222000111111121122000112200111220021122010
246862 2222000111111121122000112200111220021122010
246819 2222000111111121122000112200111220021122010
246763 2222000111111121122000112200111220021122010
247207 2222000112201011220021122001112200011121111
247181 2222000111111121122000112200111220021122010
247099 2222000111111121122000112200111220021122010
246946 2222000111111121122000112200111220021122010
247512 2222000111111121122000112200111220021122010
247485 2222000112201011220021122001112200011121111
247953 2222000112201011220021122001112200011121111
247915 2222000112201011220021122001112200011121111
247766 2222000112201011220021122001112200011121111
247731 2222000111111121122000112200111220021122010
247702 2222000112201011220021122001112200011121111
247674 2222000112201011220021122001112200011121111
247593 2222000111111121122000112200111220021122010
247563 2222000111111121122000112200111220021122010
247538 2222000112201011220021122001112200011121111
248035 2222000112201011220021122001112200011121111
248023 2222000111111121122000112200111220021122010
248004 2222000111111121122000112200111220021122010
247974 2222000111111121122000112200111220021122010
248169 2222000111111121122000112200111220021122010
248142 2222000112201011220021122001112200011121111
248109 22011101111
248909 22011121111
249344 2222000112201011220021122001112200011121111
249319 2222000111111121122000112200111220021122010
249310 2222000112201011220021122001112200011121111
249303 2222000111111111111111111111111
249245 2222000111111121122000112200111220021122010
249143 2222000111111121122000112200111220021122010
249415 2222000111111121122000112200111220021122010
249698 2222000112201011220021122001112200011121111
249647 2222000112201011220021122001112200011121111
249616 2222000112201011220021122001112200011121111
249577 2222000111111121122000112200111220021122010
249495 2222000111111121122000112200111220021122010
249967 2222000111111121122000112200111220021122010
249742 2222000112201011220021122001112200011121111
250078 2222000111111111111111111111111
250038 2222000111111111111111111111111
250137 2222000111111111111111111111111
