2222002101011011010111220001022101212122201010102202200002201111102201022000220121210220220011122022000220001022001222022001220010111
2222000220010102210001022100010102200102210100101022121011101110221110010002211101000221110111000221010002212101110111010221010010
22121010220101122012111022010102202200022000102210010102210101010102202200022000221022000220002200002210121112
22112200010221001002200110221001011221001011102211010101122101010010220010
2210220010102210101002210101010102210111011221101111002211010011
22102200101022101000221001110022121111101002210101001022100100
22111010220101011010220111122101111111022012122210121212010
22102200002210101010220101010221011111122111111111110220010
221110022010112200101022010022001110220110220121110220120
221010022010102201111102211111001122100101102211110110
220100222200010101010101022220021010101010101010010
220221001000222200000101000221110001010221010010
221110011011110102201001011122011010221001011
221022000022010112201010022001122011110220010
220220001022101010102212101010101002210000
122220000010110100222200111001001011
12222000010001010022220010010010100
1222210000000000000000000010
2202200001102201010010
1222201200000000000010
122220110000000000010
122220010000000010
12222000000000010
122110000010
122000010
12200000 - bad
1000 - dimensions mistmatch
10010 - bad
