219 11111
2750 22011121111
3626 22011111112
3661 22011111112
3470 22011111112
3670 22011111112
3519 22011111112
3658 22011121111
2912 22011121111
3615 22011121111
9987 22011121111
3630 22011121111
3726 22011121111
3734 22011121111
3606 22011121111
3808 22011121111
3815 22011121111
2869 22011121111
3283 22011121111
3529 22011121111
2864 22011121111
3227 22011121111
2498 2222000111111111111111111111111
9258 11111
4731 11111
9480 11111
9577 11111
4552 11111
3778 11111
9559 11111
4454 11111
4522 11111
4528 11111
4619 11111
3044 11111
2780 11111
3211 11111
4791 11111
3049 11111
3028 11111
2752 11111
2881 11111
2886 11111
2765 11111
4507 11111
2888 11111
3039 11111
3986 11111
2745 11111
2785 11111
2650 11111
2767 11111
2778 11111
2782 11111
2795 11111
2801 11111
2761 11111
2754 11111
2634 11111
2648 11111
2646 11111
3032 11111
2992 11111
2652 11111
2772 11111
2759 11111
2641 11111
2878 11111
2884 11111
2644 11111
2658 11111
2748 11111
2776 11111
2770 11111
2655 11111
2627 11111
2625 11111
2638 11111
2416 11111
44907 2222000111111121122000112200111220021122010
33741 2222000111111121122000112200111220021122010
44195 2222000111111111111111111111111
45304 11111
39760 22011121111
37511 22011121111
44460 11111
43452 11111
42330 11111
42521 11111
42514 11111
10656 22011111112
41683 11111
42665 11111
42594 11111
15917 22011111112
11860 22011111112
19145 22011111112
40008 11111
10463 2222000111111111111111111111111
21619 2222000111111111111111111111111
25842 2222000111111111111111111111111
21605 2222000111111111111111111111111
21603 2222000111111111111111111111111
37583 11111
37527 11111
37630 11111
37603 11111
21832 2222000111111111111111111111111
10317 2222000111111111111111111111111
21574 2222000111111111111111111111111
27670 11111
27032 11111
15253 2222000111111111111111111111111
10220 2222000111111111111111111111111
10544 2222000111111111111111111111111
10134 2222000111111111111111111111111
10486 2222000111111111111111111111111
23245 11111
22872 11111
20565 11111
20830 11111
20833 11111
21168 11111
20902 11111
20819 11111
20838 11111
20824 11111
20280 11111
20282 11111
20430 11111
12030 11111
15077 11111
15188 11111
11866 11111
10404 11111
10094 11111
10086 11111
15168 11111
11083 11111
10431 11111
11893 11111
11045 11111
11887 11111
10103 11111
54957 11111
50918 22011121111
53906 11111
50546 22011121111
51330 11111
51148 11111
48379 2222000111111111111111111111111
51356 11111
49361 2222000111111111111111111111111
48509 11111
49022 11111
55347 11111
55418 11111
55463 11111
55513 11111
55590 11111
55927 11111
55954 2222000111111111111111111111111
55975 2222000111111111111111111111111
55962 11111
56029 11111
56052 11111
56109 2222000111111111111111111111111
56752 11111
57108 2222000111111111111111111111111
57506 2222000111111111111111111111111
99828 11111
99580 11111
99527 2222000111111111111111111111111
99476 2222000111111111111111111111111
99459 2222000111111111111111111111111
99453 2222000111111111111111111111111
99449 2222000111111111111111111111111
99441 2222000111111111111111111111111
99429 2222000111111111111111111111111
99424 2222000111111111111111111111111
99414 2222000111111111111111111111111
99396 2222000111111111111111111111111
99380 11111
99374 2222000111111111111111111111111
99367 2222000111111111111111111111111
99355 2222000111111111111111111111111
99338 2222000111111111111111111111111
99333 2222000111111111111111111111111
99326 2222000111111111111111111111111
99318 2222000111111111111111111111111
99303 2222000111111111111111111111111
99294 2222000111111111111111111111111
99273 2222000111111111111111111111111
99266 2222000111111111111111111111111
99250 2222000111111111111111111111111
99244 2222000111111111111111111111111
99229 2222000111111111111111111111111
99216 2222000111111111111111111111111
99196 2222000111111111111111111111111
99183 2222000111111111111111111111111
99173 2222000111111111111111111111111
99155 2222000111111111111111111111111
99139 2222000111111111111111111111111
99124 2222000111111111111111111111111
99110 2222000111111111111111111111111
98951 2222000111111111111111111111111
98748 2222000111111111111111111111111
98592 2222000111111111111111111111111
98568 11111
98204 11111
98109 2222000111111111111111111111111
97715 2222000111111111111111111111111
97396 2222000111111111111111111111111
96848 2222000111111111111111111111111
96444 11111
96312 2222000111111111111111111111111
95214 2222000111111111111111111111111
93912 2222000111111111111111111111111
92406 2222000111111111111111111111111
92256 11111
77101 2222000111111111111111111111111
71159 2222000111111111111111111111111
69494 11111
68978 2222000111111111111111111111111
68602 11111
68433 11111
68348 11111
68267 11111
68100 2222000111111121122000112200111220021122010
68087 11111
68081 2222000111111111111111111111111
68069 2222000111111111111111111111111
68024 2222000111111111111111111111111
67710 2222000111111111111111111111111
67225 2222000111111111111111111111111
67187 2222000111111111111111111111111
66678 2222000111111111111111111111111
66390 2222000111111111111111111111111
66332 2222000111111111111111111111111
66269 2222000111111111111111111111111
66200 2222000111111111111111111111111
66134 2222000111111111111111111111111
65944 11111
65889 11111
65857 2222000111111111111111111111111
65816 11111
65789 2222000111111111111111111111111
65748 2222000111111111111111111111111
65741 2222000111111111111111111111111
65719 2222000111111111111111111111111
65717 11111
65693 2222000111111111111111111111111
65685 2222000111111111111111111111111
65662 2222000111111111111111111111111
65630 2222000111111111111111111111111
65611 2222000111111111111111111111111
65607 2222000111111111111111111111111
65598 11111
65585 2222000111111111111111111111111
65551 2222000111111111111111111111111
65534 2222000111111111111111111111111
65510 2222000111111111111111111111111
65496 2222000111111111111111111111111
65467 2222000111111111111111111111111
65409 2222000111111111111111111111111
65361 2222000111111111111111111111111
65340 2222000111111111111111111111111
65107 2222000111111111111111111111111
65088 2222000111111111111111111111111
65043 2222000111111111111111111111111
65027 2222000111111111111111111111111
64979 2222000111111111111111111111111
64967 2222000111111111111111111111111
64936 2222000111111111111111111111111
64920 2222000111111111111111111111111
64897 2222000111111111111111111111111
64895 11111
64881 2222000111111111111111111111111
64866 2222000111111111111111111111111
64797 2222000111111111111111111111111
64751 2222000111111111111111111111111
64747 2222000111111111111111111111111
64739 2222000111111111111111111111111
64701 2222000111111111111111111111111
64698 2222000111111111111111111111111
64575 2222000111111111111111111111111
64534 2222000111111111111111111111111
64513 2222000111111111111111111111111
64508 2222000111111111111111111111111
64457 2222000111111111111111111111111
64416 2222000111111111111111111111111
64347 2222000111111111111111111111111
64304 2222000111111111111111111111111
64184 2222000111111111111111111111111
64155 2222000111111111111111111111111
64123 2222000111111111111111111111111
64056 2222000111111111111111111111111
63988 2222000111111111111111111111111
63959 2222000111111111111111111111111
63867 2222000111111111111111111111111
63775 2222000111111111111111111111111
63755 2222000111111111111111111111111
63751 2222000111111111111111111111111
63735 2222000111111111111111111111111
63719 2222000111111111111111111111111
63531 2222000111111111111111111111111
63519 11111
63470 2222000111111111111111111111111
63459 2222000111111111111111111111111
63427 2222000111111111111111111111111
63397 2222000111111111111111111111111
63372 2222000111111111111111111111111
63352 2222000111111111111111111111111
63290 2222000111111111111111111111111
63286 2222000111111111111111111111111
63219 2222000111111111111111111111111
63168 2222000111111111111111111111111
63150 2222000111111111111111111111111
63131 2222000111111111111111111111111
63100 2222000111111111111111111111111
63016 2222000111111111111111111111111
62957 2222000111111111111111111111111
62901 2222000111111111111111111111111
62757 2222000111111111111111111111111
62660 2222000111111111111111111111111
62588 2222000111111111111111111111111
62091 11111
62042 2222000111111111111111111111111
61638 11111
60689 11111
60629 11111
60577 11111
60556 11111
60536 11111
60515 11111
60492 11111
60439 11111
60420 11111
60386 11111
60353 11111
60346 11111
60342 11111
60328 11111
60284 11111
60249 11111
59959 11111
59909 11111
59825 11111
59811 11111
59623 11111
59310 11111
59081 11111
58993 11111
58805 11111
58723 22011121111
58499 2222000111111111111111111111111
58372 11111
58298 11111
58265 11111
58149 11111
57871 2222000111111111111111111111111
124338 11111
124298 11111
124276 11111
123703 2222000111111111111111111111111
123576 2222000111111111111111111111111
123346 2222000111111111111111111111111
122317 11111
122274 11111
122195 11111
122174 11111
122155 11111
122120 11111
122096 11111
122065 2222000111111121122000112200111220021122010
122020 11111
122003 11111
121996 11111
121977 11111
121963 11111
121898 11111
121883 11111
121857 11111
121844 11111
121824 11111
121806 11111
121789 11111
121768 11111
121741 11111
121699 11111
121686 11111
121631 11111
121606 11111
121583 11111
121559 11111
121537 11111
121515 11111
121496 11111
121474 11111
121445 11111
121419 11111
121397 11111
121379 11111
121373 2222000111111111111111111111111
121356 11111
121263 11111
121217 11111
121181 11111
120653 11111
120621 2222000111111111111111111111111
120260 2222000111111111111111111111111
120228 11111
120106 11111
119927 2222000111111111111111111111111
119861 11111
119736 11111
119719 11111
119119 2222000111111111111111111111111
119069 2222000111111111111111111111111
119015 11111
118915 2222000111111111111111111111111
118823 2222000111111111111111111111111
117873 11111
117095 11111
116695 11111
116533 11111
116468 11111
116313 11111
116271 11111
115867 11111
115757 11111
115513 11111
115380 11111
115226 11111
115156 11111
115046 11111
114957 11111
114916 11111
114859 2222000111111111111111111111111
114847 11111
114738 11111
114679 2222000111111111111111111111111
114642 11111
114510 2222000111111111111111111111111
114482 2222000111111111111111111111111
114410 2222000111111111111111111111111
114402 11111
114253 2222000111111111111111111111111
114220 11111
114207 2222000111111111111111111111111
114184 2222000111111111111111111111111
114081 2222000111111111111111111111111
114035 11111
114031 2222000111111111111111111111111
113839 2222000111111111111111111111111
113748 2222000111111111111111111111111
113728 11111
113673 2222000111111111111111111111111
113575 2222000111111111111111111111111
113520 2222000111111111111111111111111
113512 2222000111111111111111111111111
113295 2222000111111111111111111111111
113146 2222000111111111111111111111111
112645 2222000111111111111111111111111
112388 11111
109188 11111
109113 11111
109010 11111
108888 11111
108795 11111
108668 11111
108548 11111
108224 11111
108183 11111
108147 11111
108109 11111
108082 11111
107505 11111
107481 11111
107382 11111
107293 11111
107230 11111
107144 11111
106999 11111
106313 2222000111111111111111111111111
106295 22011121111
106276 2222000111111111111111111111111
106260 22011111112
106256 2222000111111111111111111111111
106246 2222000111111111111111111111111
106241 2222000111111111111111111111111
106238 22011111112
106215 2222000111111111111111111111111
106185 11111
106167 2222000111111111111111111111111
106155 11111
106112 2222000111111111111111111111111
106105 22011121111
106093 2222000111111111111111111111111
106089 22011121111
106077 2222000111111111111111111111111
106067 22011111112
106037 2222000111111111111111111111111
106034 2222000111111111111111111111111
106013 2222000111111111111111111111111
105991 2222000111111111111111111111111
105974 2222000111111111111111111111111
105966 2222000111111111111111111111111
105958 22011111112
105956 2222000111111111111111111111111
105906 2222000111111111111111111111111
105864 2222000111111111111111111111111
105856 22011111112
105833 22011121111
105773 2222000111111111111111111111111
105754 2222000111111111111111111111111
105744 2222000111111111111111111111111
105716 2222000111111111111111111111111
105700 11111
105695 2222000111111111111111111111111
105684 2222000111111111111111111111111
105661 11111
105644 2222000111111111111111111111111
105637 2222000111111111111111111111111
105632 2222000111111111111111111111111
105622 2222000111111111111111111111111
105614 2222000111111111111111111111111
105604 2222000111111111111111111111111
105598 2222000111111111111111111111111
105583 2222000111111111111111111111111
105553 2222000111111111111111111111111
105543 11111
105525 2222000111111111111111111111111
105518 2222000111111111111111111111111
105502 2222000111111111111111111111111
105497 11111
105495 2222000111111111111111111111111
105476 2222000111111111111111111111111
105471 22011111112
105458 11111
105380 2222000111111111111111111111111
105369 2222000111111111111111111111111
105353 22011121111
105340 2222000111111111111111111111111
105331 2222000111111111111111111111111
105316 2222000111111111111111111111111
105303 2222000111111111111111111111111
105261 2222000111111111111111111111111
105239 22011111112
105218 2222000111111111111111111111111
105213 22011111112
105204 2222000111111111111111111111111
105179 11111
105169 2222000111111111111111111111111
105144 2222000111111111111111111111111
105125 22011121111
105112 11111
105041 11111
104999 11111
104853 11111
104802 11111
104740 11111
104511 11111
104400 11111
104294 11111
104062 11111
103654 11111
103312 11111
103041 11111
102844 11111
100936 11111
100540 11111
128504 2222000111111111111111111111111
130028 2222000111111111111111111111111
131488 2222000111111111111111111111111
131646 2222000111111111111111111111111
132367 11111
41447 2222000112201011220021122001112200011121111
40868 2222000112201011220021122001112200011121111
20193 2222000112201011220021122001112200011121111
20104 2222000112201011220021122001112200011121111
49948 2222000112201011220021122001112200011121111
72717 2222000112201011220021122001112200011121111
71663 2222000112201011220021122001112200011121111
68774 2222000112201011220021122001112200011121111
68480 2222000112201011220021122001112200011121111
68316 2222000112201011220021122001112200011121111
67126 2222000112201011220021122001112200011121111
64249 2222000112201011220021122001112200011121111
63211 2222000112201011220021122001112200011121111
122185 2222000112201011220021122001112200011121111
122009 2222000112201011220021122001112200011121111
114048 2222000112201011220021122001112200011121111
114004 2222000112201011220021122001112200011121111
106682 2222000112201011220021122001112200011121111
136473 11111
134701 11111
134627 11111
134585 11111
134520 11111
134418 11111
134321 11111
134278 11111
134217 11111
134165 11111
134163 11111
134107 11111
134017 11111
133957 11111
133929 11111
133764 11111
138524 2222000112201011220021122001112200011121111
139247 2222000111111111111111111111111
139263 2222000111111111111111111111111
139275 2222000111111111111111111111111
139288 2222000111111111111111111111111
139316 2222000111111111111111111111111
139327 2222000111111111111111111111111
139422 2222000112201011220021122001112200011121111
139357 2222000112201011220021122001112200011121111
139485 2222000111111121122000112200111220021122010
139732 11111
140524 2222000111111121122000112200111220021122010
140387 2222000111111111111111111111111
140582 2222000112201011220021122001112200011121111
